((("use-package" .
   [1 0 0 0 0 0 0 0 0 0 0])
  ("el-get-bundle" .
   [1 0 0 0 0 0 0 0 0 0 0 0 0])
  ("$order_print_count" .
   [0 0 0 0 0 0 0 0 0 0 0 0 0 1 0 0 0 0])
  ("$current_count" .
   [1 0 0 0 0 0 0 0 0 0 0 0 0 0])
  ("$tz" .
   [1 0 0])
  ("day" .
   [3 0 0])
  ("d" .
   [2])
  ("modify" .
   [2 0 0 0 0 0])
  ("$from" .
   [4 0 0 0 0])
  ("$to" .
   [3 0 0])
  ("/usr/sbin/httpd" .
   [2 0 0 0 0 0 0 0 0 0 0 0 0 0 0])
  ("restart" .
   [2 0 0 0 0 0 0])
  ("HTTPD_CMD" .
   [1 0 0 0 0 0 0 0 0])
  ("-c" .
   [2 0])
  ("/usr/sbin/sshd" .
   [0 0 0 0 0 0 1 0 0 0 0 0 0 0])
  ("quelpa" .
   [3 0 0 0 0 0])
  ("php" .
   [1 0 0])
  ("nil" .
   [2 0 0])))
